# Fix print output for fix P1
100 170 -22449.4171361575 2199.3745399473 2.4878157453753 25417.9064135041 446.425582582407 0 8.95388659928528 1679.13985802551
100 173 -20942.2772206395 2199.3745399473 2.50141737305169 25417.9064135041 439.913970588121 0 8.95388659928528 -12326.5408861013
100 170 -22449.4171996888 2199.3745399473 2.4878157453753 -398.843199498704 444.821162611341 0 8.95388659928528 -2792.51962904787
150 173 -22800.5027434728 2240.3637489584 2.45565198358059 -11140.8803984516 669.855676355659 0 8.84974784216705 -2273.01411232865
150 176 -22000.7213941533 2240.3637489584 2.46900475882845 -11140.8803984516 660.30390783192 0 8.84974784216705 -13062.703752097
150 173 -22800.5027735584 2240.3637489584 2.45565198358059 -3433.87677775624 674.720335990752 0 8.84974784216705 -3913.2913669958
200 185 -23753.2454337872 2306.35683094571 2.43726985482119 -9594.34777576195 1274.99712230494 0 8.76463043225216 -3029.45554739046
200 188 -23215.060876531 2306.35683094571 2.4502405596193 -9594.34777576195 1254.99609480458 0 8.76463043225216 -5891.21913530458
200 185 -23753.2454705184 2306.35683094571 2.43726985482119 6577.85289441328 1270.82752466175 0 8.76463043225216 -5221.34050688009
250 191 -24259.1552522784 2381.17566197617 2.38581479580415 19189.2389929906 1068.90513761779 0 8.77876179096435 -10855.6742985089
250 194 -24015.9462113802 2381.17566197617 2.39837794857402 19189.2389929906 1055.18870524117 0 8.77876179096435 -9497.83489587395
250 191 -24259.1551203359 2381.17566197617 2.38581479580415 -22712.2476748111 1073.85096950791 0 8.77876179096435 -5961.22652520075
300 206 -25361.3449771778 2453.76168216442 2.37619632591005 15126.8177330285 1305.74289569989 0 8.85108692864508 8936.10071243349
300 206 -25299.2097383768 2453.76168216442 2.36400481039706 15126.8177330285 1288.88456560054 0 8.85108692864508 9070.61452648006
300 206 -25361.3450252364 2453.76168216442 2.37619632591005 -30231.7114777869 1310.29109736548 0 8.85108692864508 2879.2981644783
350 221 -26917.5425775331 2514.38427238606 2.37839336157215 -36372.7938712252 1380.81158873958 0 8.99206768988948 15179.9322370943
350 224 -26661.0470196576 2514.38427238606 2.39029093583788 -36372.7938712252 1362.72886430649 0 8.99206768988948 9532.76014070072
350 221 -26917.5426121488 2514.38427238606 2.37839336157215 -37377.6390153436 1372.00464424764 0 8.99206768988948 12272.6788517029
400 230 -27968.2201002975 2565.43804582111 2.36604430678486 6813.13120575712 933.367872295344 0 9.1153430373697 22423.0469601525
400 233 -27574.5639963973 2565.43804582111 2.37770511210503 6813.13120575712 922.445923691364 0 9.1153430373697 21023.0789126973
400 230 -27968.2201935535 2565.43804582111 2.36604430678486 -915.144727483275 904.285069069613 0 9.1153430373697 15473.2530611382
450 239 -28866.17551241 2578.53527701184 2.38883111605221 50550.3619563251 1007.96420751346 0 9.22943138163092 23514.571073273
450 242 -28759.5278305988 2578.53527701184 2.4004326922959 50550.3619563251 995.646308611082 0 9.22943138163092 12865.9633854715
450 239 -28866.1754329019 2578.53527701184 2.38883111605221 10571.4606557744 975.850953684725 0 9.22943138163092 13095.8760359869
500 248 -29718.9692283602 2650.80591519767 2.35755869133031 -22535.2697237986 997.338493703641 0 9.40868960818131 20556.4004986501
500 248 -29631.2397047248 2650.80591519767 2.34627341637231 -22535.2697237986 1006.66501414697 0 9.40868960818131 19164.3466546318
500 248 -29718.969199166 2650.80591519767 2.35755869133031 -11919.596021451 953.5857338326 0 9.40868960818131 12999.3961531063
550 251 -30167.9341789391 2673.07332710992 2.34911086588353 -53173.2349918493 727.964709021117 0 9.46493737848266 2210.92539262422
550 254 -30358.9595053364 2673.07332710992 2.36030213149899 -53173.2349918493 719.457604397684 0 9.46493737848266 11165.7977730615
550 254 -30358.9596087856 2673.07332710992 2.36030213149899 -57445.6748379417 712.451638177837 0 9.46493737848266 5439.55790722859
600 257 -30848.9997937449 2668.09957689352 2.37591422754344 -11038.5538310859 616.679607586887 0 9.43027968134776 11604.3923199897
600 257 -30760.3288530294 2668.09957689352 2.36470209967821 -11038.5538310859 618.741468892114 0 9.43027968134776 12033.8875360583
600 257 -30848.9997240834 2668.09957689352 2.37591422754344 -34922.2901507535 616.276832623288 0 9.43027968134776 8987.45126584735
650 266 -31433.4077987741 2728.57741372313 2.35614387693387 -38062.2232441383 749.148369000509 0 9.46921877357888 11925.0652214095
650 266 -31396.3814952748 2728.57741372313 2.34518026143855 -38062.2232441383 745.250841720844 0 9.46921877357888 10991.1362235446
650 266 -31433.4077324361 2728.57741372313 2.35614387693387 -30850.5998845919 745.387823229976 0 9.46921877357888 12310.9130554107
700 269 -31712.8935353768 2754.57211761529 2.34476926503152 75989.2346839627 550.981763728244 0 9.4838580882789 34230.4566807094
700 272 -31524.6090063958 2754.57211761529 2.35562941765631 75989.2346839627 545.802689392589 0 9.4838580882789 53825.0726464843
700 269 -31712.8935225703 2754.57211761529 2.34476926503152 6529.85515020634 552.867620738887 0 9.4838580882789 24140.9451083655
750 272 -32231.4868087404 2731.49360664581 2.37553223537594 62225.1653304537 552.690090178814 0 9.50722655706055 12617.7794682573
750 272 -32205.4761953934 2731.49360664581 2.3645803248386 62225.1653304537 502.015902539612 0 9.50722655706055 9281.39451434159
750 272 -32231.4867567833 2731.49360664581 2.37553223537594 10140.7513059016 553.840430377555 0 9.50722655706055 7564.66436056701
800 284 -33002.7311263239 2780.56413013933 2.37664412632426 -28134.7627366855 847.062946452953 0 9.61174105622638 28275.089951258
800 284 -32794.5365889967 2780.56413013933 2.36588549166842 -28134.7627366855 820.592016637696 0 9.61174105622638 26108.5065624178
800 284 -33002.7312017437 2780.56413013933 2.37664412632426 -27131.1618650438 823.31165856003 0 9.61174105622638 20003.7017288998
850 284 -33193.2297975418 2825.2963984418 2.33901526629497 -32347.1187577138 480.585605291195 0 9.65850584873503 6497.77632562243
850 284 -32959.1290056675 2825.2963984418 2.32842697062808 -32347.1187577138 473.151431842936 0 9.65850584873503 6431.16051373807
850 284 -33193.229855673 2825.2963984418 2.33901526629497 -21215.796518113 458.501968104782 0 9.65850584873503 9230.1182118336
900 287 -33625.3919674731 2803.81034248038 2.36760895728214 -10634.7789442529 391.07205075445 0 9.64730946532388 4269.54142289008
900 287 -33572.6861034331 2803.81034248038 2.35693952177859 -10634.7789442529 388.62776621702 0 9.64730946532388 2622.27024124885
900 287 -33625.3919831129 2803.81034248038 2.36760895728214 -17418.6767720411 362.176103540578 0 9.64730946532388 7933.20133623546
950 287 -33745.6811894813 2769.07264929675 2.39731033530767 3790.05947891347 291.144251531083 0 9.60981508211691 19075.8280785607
950 287 -33688.6568547444 2769.07264929675 2.38650705298104 3790.05947891347 289.210626116135 0 9.60981508211691 18535.5416656339
950 287 -33745.6811689571 2769.07264929675 2.39731033530767 -11995.4143816102 283.333461001626 0 9.60981508211691 21755.9753817277
1000 290 -34019.0933735739 2769.11250268499 2.40807895978386 -20415.3128553124 305.321159142311 0 9.5856363507989 3380.46715153897
1000 293 -33517.5002200101 2769.11250268499 2.4188820866284 -20415.3128553124 303.635452115637 0 9.5856363507989 22686.4111090221
1000 290 -34019.0933162884 2769.11250268499 2.40807895978386 -9339.79393777255 301.97722296734 0 9.5856363507989 11990.3348690988
1050 296 -34430.7200287379 2785.37363815531 2.41550060288235 32658.7109518173 357.431443275318 0 9.56846021168202 21756.6143087871
1050 299 -34287.8662382232 2785.37363815531 2.42624066059077 32658.7109518173 356.123035120562 0 9.56846021168202 29689.0978493518
1050 296 -34430.7200597373 2785.37363815531 2.41550060288235 34937.3389213717 359.705473146868 0 9.56846021168202 20232.2388506817
1100 296 -34554.8381522283 2797.95400686822 2.40463984958336 28176.6831919933 318.266346278109 0 9.53191615520684 7168.38830597929
1150 296 -34582.704175369 2805.40492558739 2.39825332908334 -7958.13973802236 260.075936503109 0 9.50864078169007 12758.8117102936
# Fix print output for fix P1
1600 302 -34146.9375329554 2800.2313625887 2.42405036245583 1194336.03102965 74400.1265322272 0 9.4911425121558 125583.707771102
1600 305 -34119.2833018029 2800.2313625887 2.43473343458086 1194336.03102965 73667.9563862776 0 9.4911425121558 112788.554009328
1600 302 -34146.9373866796 2800.2313625887 2.42405036245583 1099771.1792013 72027.8260337997 0 9.4911425121558 97497.437842263
1650 308 -34593.9436908 3117.14281671099 2.1967976442912 -15134.5693688827 3297.30223014448 0 9.4834781761941 15475.0323270476
1650 311 -34126.2327180604 3117.14281671099 2.20639459745386 -15134.5693688827 3265.73002777864 0 9.4834781761941 21710.0149374874
1650 308 -34593.943622775 3117.14281671099 2.1967976442912 -19865.7197894245 3237.58037379555 0 9.4834781761941 13837.7048891395
1700 317 -35178.0613183937 3251.46552176412 2.133646249998 9677.53564106161 1305.88645579363 0 9.57428943320904 31590.7859699306
1700 317 -35147.7509442679 3251.46552176412 2.12444576073768 9677.53564106161 1293.24366482626 0 9.57428943320904 31510.3530769121
1700 317 -35178.0614191175 3251.46552176412 2.133646249998 -16590.8583821371 1271.14606229941 0 9.57428943320904 24408.7411763736
1750 326 -36137.5950174992 3285.9601077433 2.13855987532842 -483.274677214985 910.391740218351 0 9.70540007577245 16163.1016296136
1750 326 -36090.6650525495 3285.9601077433 2.12945596881939 -483.274677214985 911.603819929243 0 9.70540007577245 14930.6020008396
1750 326 -36137.5950595676 3285.9601077433 2.13855987532842 -2851.91297619965 899.356151585011 0 9.70540007577245 24635.5265099675
1800 332 -36898.4714475846 3282.74452820287 2.15888032854511 14943.3607701396 666.812752784136 0 9.83975230329624 28969.6429096169
1800 335 -33662.5882095265 3282.74452820287 2.16799315269462 14943.3607701396 661.324129431085 0 9.83975230329624 14468.6709145109
1800 332 -36898.4715566606 3282.74452820287 2.15888032854511 26302.912045149 657.12103404258 0 9.83975230329624 16572.1264177692
1850 335 -37366.9975697016 3264.08888254101 2.18038414862318 9046.45125311435 626.790293144416 0 9.95373098692536 22401.4572551766
1850 338 -36688.2757619641 3264.08888254101 2.18954905640903 9046.45125311435 621.722361982663 0 9.95373098692536 23695.6788811146
1850 335 -37366.9976861158 3264.08888254101 2.18038414862318 6647.61144569326 616.332684495834 0 9.95373098692536 19849.9444924712
1900 338 -37778.2369405694 3245.1997635362 2.2022936193657 12796.0283465636 559.073644653487 0 10.0188305144698 5991.21330001143
1900 338 -37722.4699370255 3245.1997635362 2.19307536600903 12796.0283465636 560.334430811175 0 10.0188305144698 5508.60405067857
1900 338 -37778.2369167136 3245.1997635362 2.2022936193657 -18107.7618004004 557.776893962604 0 10.0188305144698 7730.7224738215
1950 341 -38143.2448298167 3231.09833194656 2.22116353917725 19368.8087381371 404.049056288858 0 10.0520551220829 18062.860553978
1950 341 -37927.7755499635 3231.09833194656 2.21190505474256 19368.8087381371 405.131751171126 0 10.0520551220829 17768.8744964441
1950 341 -38143.244627551 3231.09833194656 2.22116353917725 17604.8523767011 389.503936855988 0 10.0520551220829 17096.2302846812
2000 356 -39165.0382088582 3258.01772900318 2.24872108867382 9557.89931869808 626.8962054006 0 10.1059912534232 20607.509981181
2000 359 -38186.9697735881 3258.01772900318 2.2579030748082 9557.89931869808 622.678482222579 0 10.1059912534232 28429.8011794966
2000 356 -39165.0383702892 3258.01772900318 2.24872108867382 14271.8116046833 616.994333498457 0 10.1059912534232 27302.965357467
2050 359 -39619.4072576643 3317.64869147317 2.21731983467768 -13209.4793865231 500.63510594772 0 10.1612298836446 8398.33300518255
2050 362 -38397.0248833108 3317.64869147317 2.22633678505286 -13209.4793865231 497.399442934673 0 10.1612298836446 7315.33535418822
2050 359 -39619.4072088593 3317.64869147317 2.21731983467768 5969.35202380146 490.18436501237 0 10.1612298836446 11762.3469285276
2100 359 -39825.837492482 3336.5139435558 2.20478270810286 -9113.00122488526 380.586031280252 0 10.1763490959146 6300.45006205636
2100 362 -38813.7827557319 3336.5139435558 2.21374867501304 -9113.00122488526 377.518403763641 0 10.1763490959146 10029.3913388134
2100 359 -39825.8372832081 3336.5139435558 2.20478270810286 -30508.4304797568 379.599335509075 0 10.1763490959146 5914.01749816113
2150 359 -39931.6487202264 3320.10918032495 2.21567660837465 28630.0086257984 284.8739819975 0 10.159501287767 19534.9233569485
2150 359 -39885.0298667478 3320.10918032495 2.20666634034172 28630.0086257984 284.634076727055 0 10.159501287767 19446.1106285066
2150 359 -39931.6487161465 3320.10918032495 2.21567660837465 13088.9099765623 280.556457274453 0 10.159501287767 14450.1472969097
2200 362 -40246.1496296996 3295.26932571489 2.24145664333729 -9799.45048029336 249.736179780749 0 10.1341328198278 19795.9388669948
2200 365 -38944.6363841539 3295.26932571489 2.25053483108353 -9799.45048029336 248.956100740748 0 10.1341328198278 16562.339272857
2200 362 -40246.1497319106 3295.26932571489 2.24145664333729 -7708.27169930796 250.608365318769 0 10.1341328198278 13442.823426018
2250 371 -40852.7647021541 3315.55285729812 2.25481205226248 -10179.4233121653 366.790587668589 0 10.1492033784478 21701.0054147289
2250 371 -40641.1700246289 3315.55285729812 2.24578940207385 -10179.4233121653 368.534004036019 0 10.1492033784478 22181.436198008
2250 371 -40852.7647342765 3315.55285729812 2.25481205226248 -24331.0726354592 350.772080210256 0 10.1492033784478 20134.9535105785
2300 371 -40992.5692233276 3334.13113287645 2.24224790345885 -4749.38903766874 307.830285834082 0 10.1770898032035 1391.04556222855
2300 374 -40792.1081090658 3334.13113287645 2.25122027809592 -4749.38903766874 305.58898602744 0 10.1770898032035 10328.1111756228
2300 371 -40992.5693010549 3334.13113287645 2.24224790345885 4646.28317790628 305.754823618924 0 10.1770898032035 12735.1458526374
2350 377 -41438.8933788505 3333.831461573 2.26039581683594 9413.68345532414 330.078229659662 0 10.1885180804183 34155.0708278887
2350 380 -40737.7592320013 3333.831461573 2.26936899798145 9413.68345532414 328.171704658181 0 10.1885180804183 34857.1117997585
2350 377 -41438.8935306651 3333.831461573 2.26039581683594 2789.2579961177 329.929023194255 0 10.1885180804183 27057.7658790807
2400 380 -41776.9295200011 3346.36910006063 2.26086649056492 -27691.1595152809 314.50919724401 0 10.2244526412376 16193.6097077462
2400 383 -40466.469701997 3346.36910006063 2.26980605243595 -27691.1595152809 312.204747353298 0 10.2244526412376 24029.495416269
2400 380 -41776.9295273982 3346.36910006063 2.26086649056492 -15448.8639310608 310.387837958882 0 10.2244526412376 15258.6860188824
2450 386 -42187.7493848687 3342.52076778097 2.28136919420787 46151.545343769 425.839470811086 0 10.2422602153243 52625.5163641098
2450 389 -42220.8383286665 3342.52076778097 2.29031904843216 46151.545343769 423.01603760664 0 10.2422602153243 57503.4604570926
2450 389 -42220.8382477849 3342.52076778097 2.29031904843216 59870.5385087663 424.912978564402 0 10.2422602153243 54681.3877928083
2500 392 -42625.0515479338 3405.24287682899 2.25691803369951 11984.308329013 441.163416835115 0 10.3478972437534 28691.0843187651
2500 392 -42366.2879869477 3405.24287682899 2.24813302931206 11984.308329013 439.485807192314 0 10.3478972437534 28272.9068529594
2500 392 -42625.051373609 3405.24287682899 2.25691803369951 -4576.54929514951 433.834414000343 0 10.3478972437534 24673.665022239
2550 395 -42920.2412125216 3428.64944808436 2.25023562434068 9305.95463147723 374.055216075506 0 10.4165067475448 31225.4805739277
2550 395 -42881.236816569 3428.64944808436 2.24151059308092 9305.95463147723 357.097044285136 0 10.4165067475448 28428.6793228819
2550 395 -42920.2412298549 3428.64944808436 2.25023562434068 -3599.37388079816 371.912681087834 0 10.4165067475448 25312.4113729158
2600 401 -43458.4130940208 3449.31414077103 2.2541000794274 6964.7626218603 388.59237912049 0 10.4890183756911 17636.5891162561
2650 401 -43599.6538363565 3454.74754022812 2.2505549792413 -12576.0980535126 332.265352739795 0 10.54642258488 21912.0615258383
