#Size      Number      Rc           Rn         Rn/NTLT    Irr-Num      Irr-Rc      Irr-Rn      Irr-Rn/NTLT

Step    1
Total number of rings: 1506.

 3.0         0         0.000         0         0.000         0         0.000         0         0.000
 4.0         7         0.002         7         0.002        28         0.002        28         0.008
 5.0         0         0.000         0         0.000         0         0.000         0         0.000
 6.0        20         0.006        20         0.006       120         0.006       120         0.033
 7.0         0         0.000         0         0.000         0         0.000         0         0.000
 8.0       176         0.049       176         0.049      1408         0.049      1408         0.391
 9.0         0         0.000         0         0.000         0         0.000         0         0.000
10.0       316         0.088       316         0.088      3160         0.088      3160         0.878
11.0         0         0.000         0         0.000         0         0.000         0         0.000
12.0       339         0.094       339         0.094      4068         0.094      4068         1.130
13.0         0         0.000         0         0.000         0         0.000         0         0.000
14.0       309         0.086       309         0.086      4326         0.086      4326         1.201
15.0         0         0.000         0         0.000         0         0.000         0         0.000
16.0       176         0.049       176         0.049      2816         0.049      2816         0.782
17.0         0         0.000         0         0.000         0         0.000         0         0.000
18.0       115         0.032       115         0.032      2070         0.032      2070         0.575
19.0         0         0.000         0         0.000         0         0.000         0         0.000
20.0        29         0.008        29         0.008       580         0.008       580         0.161
21.0         0         0.000         0         0.000         0         0.000         0         0.000
22.0        16         0.004        16         0.004       352         0.004       352         0.098
23.0         0         0.000         0         0.000         0         0.000         0         0.000
24.0         3         0.001         3         0.001        72         0.001        72         0.020
25.0         0         0.000         0         0.000         0         0.000         0         0.000
26.0         0         0.000         0         0.000         0         0.000         0         0.000
27.0         0         0.000         0         0.000         0         0.000         0         0.000
28.0         0         0.000         0         0.000         0         0.000         0         0.000
29.0         0         0.000         0         0.000         0         0.000         0         0.000
30.0         0         0.000         0         0.000         0         0.000         0         0.000
31.0         0         0.000         0         0.000         0         0.000         0         0.000
32.0         0         0.000         0         0.000         0         0.000         0         0.000
33.0         0         0.000         0         0.000         0         0.000         0         0.000
34.0         0         0.000         0         0.000         0         0.000         0         0.000
35.0         0         0.000         0         0.000         0         0.000         0         0.000
36.0         0         0.000         0         0.000         0         0.000         0         0.000
37.0         0         0.000         0         0.000         0         0.000         0         0.000
38.0         0         0.000         0         0.000         0         0.000         0         0.000
39.0         0         0.000         0         0.000         0         0.000         0         0.000
40.0         0         0.000         0         0.000         0         0.000         0         0.000
