#Size      Number      Rc           Rn         Rn/NTLT    Irr-Num      Irr-Rc      Irr-Rn      Irr-Rn/NTLT

Step    1
Total number of rings: 1154.

 3.0         0         0.000         0         0.000         0         0.000         0         0.000
 4.0         0         0.000         0         0.000         0         0.000         0         0.000
 5.0         0         0.000         0         0.000         0         0.000         0         0.000
 6.0         6         0.002         6         0.002        36         0.002        36         0.010
 7.0         0         0.000         0         0.000         0         0.000         0         0.000
 8.0        94         0.026        94         0.026       752         0.026       752         0.209
 9.0         0         0.000         0         0.000         0         0.000         0         0.000
10.0       269         0.075       269         0.075      2690         0.075      2690         0.746
11.0         0         0.000         0         0.000         0         0.000         0         0.000
12.0       249         0.069       249         0.069      2988         0.069      2988         0.829
13.0         0         0.000         0         0.000         0         0.000         0         0.000
14.0       225         0.062       225         0.062      3150         0.062      3150         0.874
15.0         0         0.000         0         0.000         0         0.000         0         0.000
16.0       138         0.038       138         0.038      2208         0.038      2208         0.612
17.0         0         0.000         0         0.000         0         0.000         0         0.000
18.0        62         0.017        62         0.017      1116         0.017      1116         0.310
19.0         0         0.000         0         0.000         0         0.000         0         0.000
20.0        30         0.008        30         0.008       600         0.008       600         0.166
21.0         0         0.000         0         0.000         0         0.000         0         0.000
22.0        22         0.006        22         0.006       484         0.006       484         0.134
23.0         0         0.000         0         0.000         0         0.000         0         0.000
24.0        11         0.003        11         0.003       264         0.003       264         0.073
25.0         0         0.000         0         0.000         0         0.000         0         0.000
26.0        12         0.003        12         0.003       312         0.003       312         0.087
27.0         0         0.000         0         0.000         0         0.000         0         0.000
28.0         6         0.002         6         0.002       168         0.002       168         0.047
29.0         0         0.000         0         0.000         0         0.000         0         0.000
30.0         8         0.002         8         0.002       240         0.002       240         0.067
31.0         0         0.000         0         0.000         0         0.000         0         0.000
32.0         7         0.002         7         0.002       224         0.002       224         0.062
33.0         0         0.000         0         0.000         0         0.000         0         0.000
34.0         4         0.001         4         0.001       136         0.001       136         0.038
35.0         0         0.000         0         0.000         0         0.000         0         0.000
36.0         9         0.002         9         0.002       324         0.002       324         0.090
37.0         0         0.000         0         0.000         0         0.000         0         0.000
38.0         2         0.001         2         0.001        76         0.001        76         0.021
39.0         0         0.000         0         0.000         0         0.000         0         0.000
40.0         0         0.000         0         0.000         0         0.000         0         0.000
