#Size      Number      Rc           Rn         Rn/NTLT    Irr-Num      Irr-Rc      Irr-Rn      Irr-Rn/NTLT

Step    1
Total number of rings: 1248.

 3.0         0         0.000         0         0.000         0         0.000         0         0.000
 4.0         0         0.000         0         0.000         0         0.000         0         0.000
 5.0         0         0.000         0         0.000         0         0.000         0         0.000
 6.0         6         0.002         6         0.002        36         0.002        36         0.010
 7.0         0         0.000         0         0.000         0         0.000         0         0.000
 8.0       109         0.030       109         0.030       872         0.030       872         0.242
 9.0         0         0.000         0         0.000         0         0.000         0         0.000
10.0       249         0.069       249         0.069      2490         0.069      2490         0.691
11.0         0         0.000         0         0.000         0         0.000         0         0.000
12.0       272         0.076       272         0.076      3264         0.076      3264         0.906
13.0         0         0.000         0         0.000         0         0.000         0         0.000
14.0       231         0.064       231         0.064      3234         0.064      3234         0.898
15.0         0         0.000         0         0.000         0         0.000         0         0.000
16.0       174         0.048       174         0.048      2784         0.048      2784         0.773
17.0         0         0.000         0         0.000         0         0.000         0         0.000
18.0        87         0.024        87         0.024      1566         0.024      1566         0.435
19.0         0         0.000         0         0.000         0         0.000         0         0.000
20.0        47         0.013        47         0.013       940         0.013       940         0.261
21.0         0         0.000         0         0.000         0         0.000         0         0.000
22.0        42         0.012        42         0.012       924         0.012       924         0.257
23.0         0         0.000         0         0.000         0         0.000         0         0.000
24.0        13         0.004        13         0.004       312         0.004       312         0.087
25.0         0         0.000         0         0.000         0         0.000         0         0.000
26.0        11         0.003        11         0.003       286         0.003       286         0.079
27.0         0         0.000         0         0.000         0         0.000         0         0.000
28.0         3         0.001         3         0.001        84         0.001        84         0.023
29.0         0         0.000         0         0.000         0         0.000         0         0.000
30.0         2         0.001         2         0.001        60         0.001        60         0.017
31.0         0         0.000         0         0.000         0         0.000         0         0.000
32.0         1         0.000         1         0.000        32         0.000        32         0.009
33.0         0         0.000         0         0.000         0         0.000         0         0.000
34.0         1         0.000         1         0.000        34         0.000        34         0.009
35.0         0         0.000         0         0.000         0         0.000         0         0.000
36.0         0         0.000         0         0.000         0         0.000         0         0.000
37.0         0         0.000         0         0.000         0         0.000         0         0.000
38.0         0         0.000         0         0.000         0         0.000         0         0.000
39.0         0         0.000         0         0.000         0         0.000         0         0.000
40.0         0         0.000         0         0.000         0         0.000         0         0.000
