#Size      Number      Rc           Rn         Rn/NTLT    Irr-Num      Irr-Rc      Irr-Rn      Irr-Rn/NTLT

Step    1
Total number of rings: 1268.

 3.0         0         0.000         0         0.000         0         0.000         0         0.000
 4.0         0         0.000         0         0.000         0         0.000         0         0.000
 5.0         0         0.000         0         0.000         0         0.000         0         0.000
 6.0         7         0.002         7         0.002        42         0.002        42         0.012
 7.0         0         0.000         0         0.000         0         0.000         0         0.000
 8.0       117         0.033       117         0.033       936         0.033       936         0.260
 9.0         0         0.000         0         0.000         0         0.000         0         0.000
10.0       279         0.078       279         0.078      2790         0.078      2790         0.775
11.0         0         0.000         0         0.000         0         0.000         0         0.000
12.0       278         0.077       278         0.077      3336         0.077      3336         0.927
13.0         0         0.000         0         0.000         0         0.000         0         0.000
14.0       237         0.066       237         0.066      3318         0.066      3318         0.922
15.0         0         0.000         0         0.000         0         0.000         0         0.000
16.0       131         0.036       131         0.036      2096         0.036      2096         0.582
17.0         0         0.000         0         0.000         0         0.000         0         0.000
18.0        98         0.027        98         0.027      1764         0.027      1764         0.490
19.0         0         0.000         0         0.000         0         0.000         0         0.000
20.0        47         0.013        47         0.013       940         0.013       940         0.261
21.0         0         0.000         0         0.000         0         0.000         0         0.000
22.0        21         0.006        21         0.006       462         0.006       462         0.128
23.0         0         0.000         0         0.000         0         0.000         0         0.000
24.0        20         0.006        20         0.006       480         0.006       480         0.133
25.0         0         0.000         0         0.000         0         0.000         0         0.000
26.0        13         0.004        13         0.004       338         0.004       338         0.094
27.0         0         0.000         0         0.000         0         0.000         0         0.000
28.0        11         0.003        11         0.003       308         0.003       308         0.086
29.0         0         0.000         0         0.000         0         0.000         0         0.000
30.0         2         0.001         2         0.001        60         0.001        60         0.017
31.0         0         0.000         0         0.000         0         0.000         0         0.000
32.0         2         0.001         2         0.001        64         0.001        64         0.018
33.0         0         0.000         0         0.000         0         0.000         0         0.000
34.0         4         0.001         4         0.001       136         0.001       136         0.038
35.0         0         0.000         0         0.000         0         0.000         0         0.000
36.0         1         0.000         1         0.000        36         0.000        36         0.010
37.0         0         0.000         0         0.000         0         0.000         0         0.000
38.0         0         0.000         0         0.000         0         0.000         0         0.000
39.0         0         0.000         0         0.000         0         0.000         0         0.000
40.0         0         0.000         0         0.000         0         0.000         0         0.000
