#Size      Number      Rc           Rn         Rn/NTLT    Irr-Num      Irr-Rc      Irr-Rn      Irr-Rn/NTLT

Step    1
Total number of rings: 1271.

 3.0         0         0.000         0         0.000         0         0.000         0         0.000
 4.0         0         0.000         0         0.000         0         0.000         0         0.000
 5.0         0         0.000         0         0.000         0         0.000         0         0.000
 6.0         5         0.001         5         0.001        30         0.001        30         0.008
 7.0         0         0.000         0         0.000         0         0.000         0         0.000
 8.0       121         0.034       121         0.034       968         0.034       968         0.269
 9.0         0         0.000         0         0.000         0         0.000         0         0.000
10.0       309         0.086       309         0.086      3090         0.086      3090         0.858
11.0         0         0.000         0         0.000         0         0.000         0         0.000
12.0       296         0.082       296         0.082      3552         0.082      3552         0.987
13.0         0         0.000         0         0.000         0         0.000         0         0.000
14.0       203         0.056       203         0.056      2842         0.056      2842         0.789
15.0         0         0.000         0         0.000         0         0.000         0         0.000
16.0       157         0.044       157         0.044      2512         0.044      2512         0.698
17.0         0         0.000         0         0.000         0         0.000         0         0.000
18.0        89         0.025        89         0.025      1602         0.025      1602         0.445
19.0         0         0.000         0         0.000         0         0.000         0         0.000
20.0        52         0.014        52         0.014      1040         0.014      1040         0.289
21.0         0         0.000         0         0.000         0         0.000         0         0.000
22.0        23         0.006        23         0.006       506         0.006       506         0.141
23.0         0         0.000         0         0.000         0         0.000         0         0.000
24.0        11         0.003        11         0.003       264         0.003       264         0.073
25.0         0         0.000         0         0.000         0         0.000         0         0.000
26.0         4         0.001         4         0.001       104         0.001       104         0.029
27.0         0         0.000         0         0.000         0         0.000         0         0.000
28.0         1         0.000         1         0.000        28         0.000        28         0.008
29.0         0         0.000         0         0.000         0         0.000         0         0.000
30.0         0         0.000         0         0.000         0         0.000         0         0.000
31.0         0         0.000         0         0.000         0         0.000         0         0.000
32.0         0         0.000         0         0.000         0         0.000         0         0.000
33.0         0         0.000         0         0.000         0         0.000         0         0.000
34.0         0         0.000         0         0.000         0         0.000         0         0.000
35.0         0         0.000         0         0.000         0         0.000         0         0.000
36.0         0         0.000         0         0.000         0         0.000         0         0.000
37.0         0         0.000         0         0.000         0         0.000         0         0.000
38.0         0         0.000         0         0.000         0         0.000         0         0.000
39.0         0         0.000         0         0.000         0         0.000         0         0.000
40.0         0         0.000         0         0.000         0         0.000         0         0.000
