#Size      Number      Rc           Rn         Rn/NTLT    Irr-Num      Irr-Rc      Irr-Rn      Irr-Rn/NTLT

Step    1
Total number of rings: 1348.

 3.0         0         0.000         0         0.000         0         0.000         0         0.000
 4.0         0         0.000         0         0.000         0         0.000         0         0.000
 5.0         0         0.000         0         0.000         0         0.000         0         0.000
 6.0        12         0.003        12         0.003        72         0.003        72         0.020
 7.0         0         0.000         0         0.000         0         0.000         0         0.000
 8.0       143         0.040       143         0.040      1144         0.040      1144         0.317
 9.0         0         0.000         0         0.000         0         0.000         0         0.000
10.0       294         0.082       294         0.082      2940         0.082      2940         0.816
11.0         0         0.000         0         0.000         0         0.000         0         0.000
12.0       271         0.075       271         0.075      3252         0.075      3252         0.902
13.0         0         0.000         0         0.000         0         0.000         0         0.000
14.0       239         0.066       239         0.066      3346         0.066      3346         0.928
15.0         0         0.000         0         0.000         0         0.000         0         0.000
16.0       175         0.049       175         0.049      2800         0.049      2800         0.777
17.0         0         0.000         0         0.000         0         0.000         0         0.000
18.0       119         0.033       119         0.033      2142         0.033      2142         0.594
19.0         0         0.000         0         0.000         0         0.000         0         0.000
20.0        49         0.014        49         0.014       980         0.014       980         0.272
21.0         0         0.000         0         0.000         0         0.000         0         0.000
22.0        35         0.010        35         0.010       770         0.010       770         0.214
23.0         0         0.000         0         0.000         0         0.000         0         0.000
24.0         9         0.002         9         0.002       216         0.002       216         0.060
25.0         0         0.000         0         0.000         0         0.000         0         0.000
26.0         2         0.001         2         0.001        52         0.001        52         0.014
27.0         0         0.000         0         0.000         0         0.000         0         0.000
28.0         0         0.000         0         0.000         0         0.000         0         0.000
29.0         0         0.000         0         0.000         0         0.000         0         0.000
30.0         0         0.000         0         0.000         0         0.000         0         0.000
31.0         0         0.000         0         0.000         0         0.000         0         0.000
32.0         0         0.000         0         0.000         0         0.000         0         0.000
33.0         0         0.000         0         0.000         0         0.000         0         0.000
34.0         0         0.000         0         0.000         0         0.000         0         0.000
35.0         0         0.000         0         0.000         0         0.000         0         0.000
36.0         0         0.000         0         0.000         0         0.000         0         0.000
37.0         0         0.000         0         0.000         0         0.000         0         0.000
38.0         0         0.000         0         0.000         0         0.000         0         0.000
39.0         0         0.000         0         0.000         0         0.000         0         0.000
40.0         0         0.000         0         0.000         0         0.000         0         0.000
