#Size      Number      Rc           Rn         Rn/NTLT    Irr-Num      Irr-Rc      Irr-Rn      Irr-Rn/NTLT

Step    1
Total number of rings: 1399.

 3.0         0         0.000         0         0.000         0         0.000         0         0.000
 4.0         0         0.000         0         0.000         0         0.000         0         0.000
 5.0         0         0.000         0         0.000         0         0.000         0         0.000
 6.0        22         0.006        22         0.006       132         0.006       132         0.037
 7.0         0         0.000         0         0.000         0         0.000         0         0.000
 8.0       140         0.039       140         0.039      1120         0.039      1120         0.311
 9.0         0         0.000         0         0.000         0         0.000         0         0.000
10.0       299         0.083       299         0.083      2990         0.083      2990         0.830
11.0         0         0.000         0         0.000         0         0.000         0         0.000
12.0       292         0.081       292         0.081      3504         0.081      3504         0.973
13.0         0         0.000         0         0.000         0         0.000         0         0.000
14.0       243         0.067       243         0.067      3402         0.067      3402         0.945
15.0         0         0.000         0         0.000         0         0.000         0         0.000
16.0       215         0.060       215         0.060      3440         0.060      3440         0.955
17.0         0         0.000         0         0.000         0         0.000         0         0.000
18.0       120         0.033       120         0.033      2160         0.033      2160         0.600
19.0         0         0.000         0         0.000         0         0.000         0         0.000
20.0        41         0.011        41         0.011       820         0.011       820         0.228
21.0         0         0.000         0         0.000         0         0.000         0         0.000
22.0        19         0.005        19         0.005       418         0.005       418         0.116
23.0         0         0.000         0         0.000         0         0.000         0         0.000
24.0         4         0.001         4         0.001        96         0.001        96         0.027
25.0         0         0.000         0         0.000         0         0.000         0         0.000
26.0         4         0.001         4         0.001       104         0.001       104         0.029
27.0         0         0.000         0         0.000         0         0.000         0         0.000
28.0         0         0.000         0         0.000         0         0.000         0         0.000
29.0         0         0.000         0         0.000         0         0.000         0         0.000
30.0         0         0.000         0         0.000         0         0.000         0         0.000
31.0         0         0.000         0         0.000         0         0.000         0         0.000
32.0         0         0.000         0         0.000         0         0.000         0         0.000
33.0         0         0.000         0         0.000         0         0.000         0         0.000
34.0         0         0.000         0         0.000         0         0.000         0         0.000
35.0         0         0.000         0         0.000         0         0.000         0         0.000
36.0         0         0.000         0         0.000         0         0.000         0         0.000
37.0         0         0.000         0         0.000         0         0.000         0         0.000
38.0         0         0.000         0         0.000         0         0.000         0         0.000
39.0         0         0.000         0         0.000         0         0.000         0         0.000
40.0         0         0.000         0         0.000         0         0.000         0         0.000
