#Size      Number      Rc           Rn         Rn/NTLT    Irr-Num      Irr-Rc      Irr-Rn      Irr-Rn/NTLT

Step    1
Total number of rings: 1444.

 3.0         0         0.000         0         0.000         0         0.000         0         0.000
 4.0         1         0.000         1         0.000         4         0.000         4         0.001
 5.0         0         0.000         0         0.000         0         0.000         0         0.000
 6.0        10         0.003        10         0.003        60         0.003        60         0.017
 7.0         0         0.000         0         0.000         0         0.000         0         0.000
 8.0       147         0.041       147         0.041      1176         0.041      1176         0.327
 9.0         0         0.000         0         0.000         0         0.000         0         0.000
10.0       257         0.071       257         0.071      2570         0.071      2570         0.714
11.0         0         0.000         0         0.000         0         0.000         0         0.000
12.0       340         0.094       340         0.094      4080         0.094      4080         1.133
13.0         0         0.000         0         0.000         0         0.000         0         0.000
14.0       288         0.080       288         0.080      4032         0.080      4032         1.120
15.0         0         0.000         0         0.000         0         0.000         0         0.000
16.0       225         0.062       225         0.062      3600         0.062      3600         1.000
17.0         0         0.000         0         0.000         0         0.000         0         0.000
18.0       109         0.030       109         0.030      1962         0.030      1962         0.545
19.0         0         0.000         0         0.000         0         0.000         0         0.000
20.0        50         0.014        50         0.014      1000         0.014      1000         0.278
21.0         0         0.000         0         0.000         0         0.000         0         0.000
22.0        12         0.003        12         0.003       264         0.003       264         0.073
23.0         0         0.000         0         0.000         0         0.000         0         0.000
24.0         0         0.000         0         0.000         0         0.000         0         0.000
25.0         0         0.000         0         0.000         0         0.000         0         0.000
26.0         3         0.001         3         0.001        78         0.001        78         0.022
27.0         0         0.000         0         0.000         0         0.000         0         0.000
28.0         2         0.001         2         0.001        56         0.001        56         0.016
29.0         0         0.000         0         0.000         0         0.000         0         0.000
30.0         0         0.000         0         0.000         0         0.000         0         0.000
31.0         0         0.000         0         0.000         0         0.000         0         0.000
32.0         0         0.000         0         0.000         0         0.000         0         0.000
33.0         0         0.000         0         0.000         0         0.000         0         0.000
34.0         0         0.000         0         0.000         0         0.000         0         0.000
35.0         0         0.000         0         0.000         0         0.000         0         0.000
36.0         0         0.000         0         0.000         0         0.000         0         0.000
37.0         0         0.000         0         0.000         0         0.000         0         0.000
38.0         0         0.000         0         0.000         0         0.000         0         0.000
39.0         0         0.000         0         0.000         0         0.000         0         0.000
40.0         0         0.000         0         0.000         0         0.000         0         0.000
