#Size      Number      Rc           Rn         Rn/NTLT    Irr-Num      Irr-Rc      Irr-Rn      Irr-Rn/NTLT

Step    1
Total number of rings: 1496.

 3.0         0         0.000         0         0.000         0         0.000         0         0.000
 4.0         3         0.001         3         0.001        12         0.001        12         0.003
 5.0         0         0.000         0         0.000         0         0.000         0         0.000
 6.0        14         0.004        14         0.004        84         0.004        84         0.023
 7.0         0         0.000         0         0.000         0         0.000         0         0.000
 8.0       161         0.045       161         0.045      1288         0.045      1288         0.358
 9.0         0         0.000         0         0.000         0         0.000         0         0.000
10.0       315         0.087       315         0.087      3150         0.087      3150         0.875
11.0         0         0.000         0         0.000         0         0.000         0         0.000
12.0       334         0.093       334         0.093      4008         0.093      4008         1.113
13.0         0         0.000         0         0.000         0         0.000         0         0.000
14.0       319         0.089       319         0.089      4466         0.089      4466         1.240
15.0         0         0.000         0         0.000         0         0.000         0         0.000
16.0       182         0.051       182         0.051      2912         0.051      2912         0.808
17.0         0         0.000         0         0.000         0         0.000         0         0.000
18.0       105         0.029       105         0.029      1890         0.029      1890         0.525
19.0         0         0.000         0         0.000         0         0.000         0         0.000
20.0        42         0.012        42         0.012       840         0.012       840         0.233
21.0         0         0.000         0         0.000         0         0.000         0         0.000
22.0        17         0.005        17         0.005       374         0.005       374         0.104
23.0         0         0.000         0         0.000         0         0.000         0         0.000
24.0         4         0.001         4         0.001        96         0.001        96         0.027
25.0         0         0.000         0         0.000         0         0.000         0         0.000
26.0         0         0.000         0         0.000         0         0.000         0         0.000
27.0         0         0.000         0         0.000         0         0.000         0         0.000
28.0         0         0.000         0         0.000         0         0.000         0         0.000
29.0         0         0.000         0         0.000         0         0.000         0         0.000
30.0         0         0.000         0         0.000         0         0.000         0         0.000
31.0         0         0.000         0         0.000         0         0.000         0         0.000
32.0         0         0.000         0         0.000         0         0.000         0         0.000
33.0         0         0.000         0         0.000         0         0.000         0         0.000
34.0         0         0.000         0         0.000         0         0.000         0         0.000
35.0         0         0.000         0         0.000         0         0.000         0         0.000
36.0         0         0.000         0         0.000         0         0.000         0         0.000
37.0         0         0.000         0         0.000         0         0.000         0         0.000
38.0         0         0.000         0         0.000         0         0.000         0         0.000
39.0         0         0.000         0         0.000         0         0.000         0         0.000
40.0         0         0.000         0         0.000         0         0.000         0         0.000
